#averaged cross section (2l+1) excluded
#ang  Lt=0       Lt=1       Lt=2       Lt=3       Lt=4       Lt=5       Lt=6       Lt=7       Lt=8       Lt=9
  2 4.5593e-02 1.3573e-02 6.5279e-02 3.0098e-02 3.0945e-02 1.8520e-02 5.7146e-03 4.9216e-03 1.7251e-03 5.7526e-04
  4 4.4632e-02 1.3683e-02 6.4834e-02 2.9950e-02 3.1044e-02 1.8390e-02 5.7549e-03 4.9152e-03 1.7275e-03 5.7614e-04
  6 4.3075e-02 1.3854e-02 6.4116e-02 2.9708e-02 3.1201e-02 1.8178e-02 5.8203e-03 4.9046e-03 1.7314e-03 5.7758e-04
  8 4.0985e-02 1.4065e-02 6.3165e-02 2.9379e-02 3.1406e-02 1.7892e-02 5.9089e-03 4.8902e-03 1.7369e-03 5.7955e-04
 10 3.8445e-02 1.4293e-02 6.2023e-02 2.8973e-02 3.1645e-02 1.7542e-02 6.0168e-03 4.8722e-03 1.7439e-03 5.8199e-04
 12 3.5551e-02 1.4513e-02 6.0741e-02 2.8503e-02 3.1900e-02 1.7140e-02 6.1403e-03 4.8511e-03 1.7523e-03 5.8486e-04
 14 3.2408e-02 1.4697e-02 5.9371e-02 2.7981e-02 3.2152e-02 1.6699e-02 6.2750e-03 4.8273e-03 1.7619e-03 5.8808e-04
 16 2.9122e-02 1.4821e-02 5.7957e-02 2.7421e-02 3.2382e-02 1.6233e-02 6.4167e-03 4.8012e-03 1.7726e-03 5.9159e-04
 18 2.5796e-02 1.4865e-02 5.6541e-02 2.6841e-02 3.2572e-02 1.5754e-02 6.5600e-03 4.7734e-03 1.7844e-03 5.9534e-04
 20 2.2523e-02 1.4815e-02 5.5150e-02 2.6252e-02 3.2703e-02 1.5276e-02 6.7007e-03 4.7441e-03 1.7972e-03 5.9924e-04
 22 1.9386e-02 1.4662e-02 5.3798e-02 2.5667e-02 3.2762e-02 1.4810e-02 6.8349e-03 4.7139e-03 1.8106e-03 6.0325e-04
 24 1.6450e-02 1.4406e-02 5.2493e-02 2.5098e-02 3.2736e-02 1.4364e-02 6.9578e-03 4.6829e-03 1.8247e-03 6.0730e-04
 26 1.3767e-02 1.4051e-02 5.1228e-02 2.4554e-02 3.2616e-02 1.3946e-02 7.0667e-03 4.6514e-03 1.8393e-03 6.1137e-04
 28 1.1370e-02 1.3607e-02 4.9988e-02 2.4037e-02 3.2400e-02 1.3561e-02 7.1585e-03 4.6195e-03 1.8543e-03 6.1540e-04
 30 9.2796e-03 1.3088e-02 4.8755e-02 2.3551e-02 3.2086e-02 1.3210e-02 7.2315e-03 4.5874e-03 1.8694e-03 6.1938e-04
 32 7.4990e-03 1.2510e-02 4.7505e-02 2.3091e-02 3.1677e-02 1.2894e-02 7.2836e-03 4.5549e-03 1.8846e-03 6.2324e-04
 34 6.0218e-03 1.1889e-02 4.6217e-02 2.2652e-02 3.1181e-02 1.2612e-02 7.3147e-03 4.5218e-03 1.8996e-03 6.2708e-04
 36 4.8318e-03 1.1241e-02 4.4870e-02 2.2227e-02 3.0605e-02 1.2359e-02 7.3239e-03 4.4880e-03 1.9144e-03 6.3073e-04
 38 3.9044e-03 1.0583e-02 4.3449e-02 2.1804e-02 2.9959e-02 1.2130e-02 7.3115e-03 4.4532e-03 1.9285e-03 6.3426e-04
 40 3.2101e-03 9.9275e-03 4.1946e-02 2.1373e-02 2.9254e-02 1.1921e-02 7.2782e-03 4.4169e-03 1.9419e-03 6.3761e-04
 42 2.7160e-03 9.2834e-03 4.0359e-02 2.0925e-02 2.8499e-02 1.1724e-02 7.2251e-03 4.3788e-03 1.9543e-03 6.4083e-04
 44 2.3874e-03 8.6602e-03 3.8690e-02 2.0449e-02 2.7705e-02 1.1535e-02 7.1532e-03 4.3382e-03 1.9655e-03 6.4380e-04
 46 2.1896e-03 8.0628e-03 3.6949e-02 1.9939e-02 2.6878e-02 1.1347e-02 7.0641e-03 4.2947e-03 1.9749e-03 6.4653e-04
 48 2.0889e-03 7.4950e-03 3.5149e-02 1.9393e-02 2.6024e-02 1.1155e-02 6.9589e-03 4.2478e-03 1.9825e-03 6.4901e-04
 50 2.0542e-03 6.9591e-03 3.3307e-02 1.8808e-02 2.5149e-02 1.0954e-02 6.8392e-03 4.1967e-03 1.9878e-03 6.5111e-04
 52 2.0578e-03 6.4560e-03 3.1442e-02 1.8186e-02 2.4256e-02 1.0742e-02 6.7071e-03 4.1410e-03 1.9904e-03 6.5285e-04
 54 2.0762e-03 5.9847e-03 2.9572e-02 1.7533e-02 2.3345e-02 1.0516e-02 6.5638e-03 4.0803e-03 1.9901e-03 6.5408e-04
 56 2.0910e-03 5.5458e-03 2.7719e-02 1.6855e-02 2.2419e-02 1.0274e-02 6.4119e-03 4.0142e-03 1.9866e-03 6.5477e-04
 58 2.0887e-03 5.1370e-03 2.5900e-02 1.6159e-02 2.1480e-02 1.0015e-02 6.2519e-03 3.9422e-03 1.9795e-03 6.5483e-04
 60 2.0616e-03 4.7581e-03 2.4131e-02 1.5453e-02 2.0528e-02 9.7408e-03 6.0866e-03 3.8643e-03 1.9687e-03 6.5415e-04
 62 2.0066e-03 4.4073e-03 2.2426e-02 1.4743e-02 1.9567e-02 9.4515e-03 5.9159e-03 3.7805e-03 1.9540e-03 6.5272e-04
 64 1.9254e-03 4.0832e-03 2.0796e-02 1.4037e-02 1.8600e-02 9.1488e-03 5.7425e-03 3.6909e-03 1.9355e-03 6.5037e-04
 66 1.8227e-03 3.7841e-03 1.9252e-02 1.3339e-02 1.7631e-02 8.8342e-03 5.5659e-03 3.5959e-03 1.9130e-03 6.4708e-04
 68 1.7058e-03 3.5085e-03 1.7799e-02 1.2652e-02 1.6666e-02 8.5099e-03 5.3888e-03 3.4959e-03 1.8867e-03 6.4281e-04
 70 1.5827e-03 3.2546e-03 1.6442e-02 1.1979e-02 1.5711e-02 8.1789e-03 5.2100e-03 3.3916e-03 1.8568e-03 6.3742e-04
 72 1.4613e-03 3.0206e-03 1.5182e-02 1.1322e-02 1.4771e-02 7.8436e-03 5.0309e-03 3.2836e-03 1.8235e-03 6.3098e-04
 74 1.3484e-03 2.8043e-03 1.4021e-02 1.0680e-02 1.3852e-02 7.5060e-03 4.8514e-03 3.1730e-03 1.7869e-03 6.2336e-04
 76 1.2486e-03 2.6039e-03 1.2954e-02 1.0055e-02 1.2960e-02 7.1684e-03 4.6716e-03 3.0604e-03 1.7476e-03 6.1458e-04
 78 1.1643e-03 2.4173e-03 1.1977e-02 9.4476e-03 1.2098e-02 6.8325e-03 4.4915e-03 2.9468e-03 1.7058e-03 6.0467e-04
 80 1.0951e-03 2.2427e-03 1.1084e-02 8.8583e-03 1.1272e-02 6.5011e-03 4.3112e-03 2.8329e-03 1.6618e-03 5.9364e-04
 82 1.0392e-03 2.0785e-03 1.0267e-02 8.2884e-03 1.0483e-02 6.1755e-03 4.1306e-03 2.7196e-03 1.6161e-03 5.8152e-04
 84 9.9287e-04 1.9232e-03 9.5169e-03 7.7394e-03 9.7343e-03 5.8565e-03 3.9499e-03 2.6074e-03 1.5689e-03 5.6837e-04
 86 9.5213e-04 1.7758e-03 8.8258e-03 7.2128e-03 9.0262e-03 5.5454e-03 3.7696e-03 2.4970e-03 1.5207e-03 5.5426e-04
 88 9.1306e-04 1.6359e-03 8.1847e-03 6.7099e-03 8.3606e-03 5.2432e-03 3.5900e-03 2.3886e-03 1.4718e-03 5.3927e-04
 90 8.7248e-04 1.5033e-03 7.5856e-03 6.2319e-03 7.7373e-03 4.9507e-03 3.4118e-03 2.2827e-03 1.4224e-03 5.2348e-04
 92 8.2853e-04 1.3783e-03 7.0222e-03 5.7797e-03 7.1569e-03 4.6689e-03 3.2359e-03 2.1795e-03 1.3729e-03 5.0702e-04
 94 7.8051e-04 1.2612e-03 6.4898e-03 5.3534e-03 6.6188e-03 4.3980e-03 3.0632e-03 2.0790e-03 1.3235e-03 4.8997e-04
 96 7.2911e-04 1.1528e-03 5.9853e-03 4.9532e-03 6.1232e-03 4.1390e-03 2.8945e-03 1.9814e-03 1.2745e-03 4.7247e-04
 98 6.7572e-04 1.0535e-03 5.5078e-03 4.5789e-03 5.6683e-03 3.8921e-03 2.7311e-03 1.8867e-03 1.2262e-03 4.5464e-04
100 6.2212e-04 9.6369e-04 5.0575e-03 4.2303e-03 5.2532e-03 3.6578e-03 2.5737e-03 1.7949e-03 1.1785e-03 4.3659e-04
102 5.7013e-04 8.8339e-04 4.6354e-03 3.9069e-03 4.8751e-03 3.4362e-03 2.4231e-03 1.7060e-03 1.1317e-03 4.1846e-04
104 5.2097e-04 8.1229e-04 4.2431e-03 3.6081e-03 4.5313e-03 3.2272e-03 2.2802e-03 1.6199e-03 1.0858e-03 4.0039e-04
106 4.7536e-04 7.4960e-04 3.8823e-03 3.3337e-03 4.2185e-03 3.0305e-03 2.1453e-03 1.5366e-03 1.0409e-03 3.8248e-04
108 4.3332e-04 6.9420e-04 3.5534e-03 3.0828e-03 3.9326e-03 2.8457e-03 2.0188e-03 1.4563e-03 9.9709e-04 3.6486e-04
110 3.9437e-04 6.4495e-04 3.2565e-03 2.8550e-03 3.6700e-03 2.6723e-03 1.9005e-03 1.3789e-03 9.5433e-04 3.4765e-04
112 3.5785e-04 6.0055e-04 2.9903e-03 2.6494e-03 3.4266e-03 2.5094e-03 1.7905e-03 1.3046e-03 9.1259e-04 3.3094e-04
114 3.2318e-04 5.5990e-04 2.7530e-03 2.4644e-03 3.1992e-03 2.3567e-03 1.6883e-03 1.2336e-03 8.7198e-04 3.1485e-04
116 2.9014e-04 5.2215e-04 2.5418e-03 2.2988e-03 2.9852e-03 2.2134e-03 1.5935e-03 1.1658e-03 8.3239e-04 2.9943e-04
118 2.5903e-04 4.8686e-04 2.3539e-03 2.1505e-03 2.7831e-03 2.0794e-03 1.5053e-03 1.1015e-03 7.9400e-04 2.8476e-04
120 2.3067e-04 4.5377e-04 2.1864e-03 2.0176e-03 2.5920e-03 1.9543e-03 1.4232e-03 1.0410e-03 7.5681e-04 2.7088e-04
122 2.0624e-04 4.2309e-04 2.0368e-03 1.8978e-03 2.4121e-03 1.8383e-03 1.3464e-03 9.8418e-04 7.2082e-04 2.5783e-04
124 1.8700e-04 3.9505e-04 1.9028e-03 1.7889e-03 2.2443e-03 1.7314e-03 1.2744e-03 9.3126e-04 6.8623e-04 2.4561e-04
126 1.7398e-04 3.6990e-04 1.7831e-03 1.6886e-03 2.0898e-03 1.6337e-03 1.2066e-03 8.8215e-04 6.5309e-04 2.3424e-04
128 1.6768e-04 3.4776e-04 1.6763e-03 1.5952e-03 1.9499e-03 1.5453e-03 1.1429e-03 8.3681e-04 6.2142e-04 2.2369e-04
130 1.6781e-04 3.2849e-04 1.5813e-03 1.5071e-03 1.8257e-03 1.4661e-03 1.0829e-03 7.9516e-04 5.9141e-04 2.1394e-04
132 1.7329e-04 3.1168e-04 1.4973e-03 1.4233e-03 1.7178e-03 1.3956e-03 1.0268e-03 7.5698e-04 5.6314e-04 2.0498e-04
134 1.8226e-04 2.9669e-04 1.4231e-03 1.3430e-03 1.6265e-03 1.3333e-03 9.7442e-04 7.2195e-04 5.3671e-04 1.9680e-04
136 1.9242e-04 2.8277e-04 1.3573e-03 1.2663e-03 1.5512e-03 1.2783e-03 9.2622e-04 6.8985e-04 5.1222e-04 1.8934e-04
138 2.0126e-04 2.6917e-04 1.2985e-03 1.1935e-03 1.4908e-03 1.2298e-03 8.8226e-04 6.6056e-04 4.8979e-04 1.8263e-04
140 2.0662e-04 2.5536e-04 1.2453e-03 1.1253e-03 1.4439e-03 1.1867e-03 8.4270e-04 6.3377e-04 4.6949e-04 1.7663e-04
142 2.0694e-04 2.4109e-04 1.1966e-03 1.0626e-03 1.4086e-03 1.1481e-03 8.0770e-04 6.0948e-04 4.5140e-04 1.7134e-04
144 2.0162e-04 2.2654e-04 1.1514e-03 1.0067e-03 1.3832e-03 1.1135e-03 7.7715e-04 5.8759e-04 4.3557e-04 1.6676e-04
146 1.9116e-04 2.1223e-04 1.1095e-03 9.5833e-04 1.3659e-03 1.0823e-03 7.5091e-04 5.6813e-04 4.2202e-04 1.6287e-04
148 1.7709e-04 1.9900e-04 1.0711e-03 9.1842e-04 1.3550e-03 1.0542e-03 7.2863e-04 5.5116e-04 4.1073e-04 1.5968e-04
150 1.6187e-04 1.8784e-04 1.0369e-03 8.8721e-04 1.3493e-03 1.0292e-03 7.0995e-04 5.3672e-04 4.0163e-04 1.5714e-04
152 1.4851e-04 1.7969e-04 1.0077e-03 8.6461e-04 1.3473e-03 1.0074e-03 6.9422e-04 5.2484e-04 3.9458e-04 1.5522e-04
154 1.4017e-04 1.7534e-04 9.8453e-04 8.4985e-04 1.3482e-03 9.8873e-04 6.8102e-04 5.1546e-04 3.8942e-04 1.5387e-04
156 1.3972e-04 1.7516e-04 9.6813e-04 8.4172e-04 1.3510e-03 9.7320e-04 6.6969e-04 5.0844e-04 3.8590e-04 1.5300e-04
158 1.4940e-04 1.7913e-04 9.5879e-04 8.3861e-04 1.3550e-03 9.6063e-04 6.5976e-04 5.0355e-04 3.8376e-04 1.5255e-04
160 1.7041e-04 1.8681e-04 9.5625e-04 8.3867e-04 1.3595e-03 9.5077e-04 6.5090e-04 5.0047e-04 3.8271e-04 1.5242e-04
162 2.0282e-04 1.9739e-04 9.5974e-04 8.4009e-04 1.3638e-03 9.4320e-04 6.4280e-04 4.9883e-04 3.8247e-04 1.5252e-04
164 2.4549e-04 2.0983e-04 9.6800e-04 8.4132e-04 1.3673e-03 9.3732e-04 6.3523e-04 4.9826e-04 3.8276e-04 1.5276e-04
166 2.9612e-04 2.2302e-04 9.7952e-04 8.4123e-04 1.3699e-03 9.3271e-04 6.2820e-04 4.9837e-04 3.8335e-04 1.5309e-04
168 3.5152e-04 2.3592e-04 9.9268e-04 8.3923e-04 1.3712e-03 9.2895e-04 6.2176e-04 4.9886e-04 3.8405e-04 1.5343e-04
170 4.0790e-04 2.4768e-04 1.0060e-03 8.3536e-04 1.3714e-03 9.2568e-04 6.1590e-04 4.9947e-04 3.8474e-04 1.5375e-04
172 4.6122e-04 2.5769e-04 1.0182e-03 8.3016e-04 1.3707e-03 9.2285e-04 6.1086e-04 5.0004e-04 3.8534e-04 1.5402e-04
174 5.0753e-04 2.6559e-04 1.0285e-03 8.2450e-04 1.3694e-03 9.2041e-04 6.0673e-04 5.0050e-04 3.8580e-04 1.5423e-04
176 5.4339e-04 2.7124e-04 1.0361e-03 8.1943e-04 1.3681e-03 9.1856e-04 6.0372e-04 5.0081e-04 3.8612e-04 1.5437e-04
178 5.6601e-04 2.7461e-04 1.0408e-03 8.1594e-04 1.3671e-03 9.1732e-04 6.0184e-04 5.0099e-04 3.8629e-04 1.5446e-04
180 5.7378e-04 2.7572e-04 1.0424e-03 8.1468e-04 1.3668e-03 9.1692e-04 6.0120e-04 5.0105e-04 3.8636e-04 1.5448e-04


# ang  onestep     twostep
    2  1.5975e-01  2.1694e-01
    4  1.5942e-01  2.1551e-01
    6  1.5843e-01  2.1317e-01
    8  1.5682e-01  2.1001e-01
   10  1.5466e-01  2.0614e-01
   12  1.5199e-01  2.0168e-01
   14  1.4893e-01  1.9676e-01
   16  1.4555e-01  1.9152e-01
   18  1.4195e-01  1.8608e-01
   20  1.3822e-01  1.8056e-01
   22  1.3441e-01  1.7505e-01
   24  1.3059e-01  1.6962e-01
   26  1.2678e-01  1.6433e-01
   28  1.2297e-01  1.5921e-01
   30  1.1915e-01  1.5428e-01
   32  1.1528e-01  1.4952e-01
   34  1.1133e-01  1.4494e-01
   36  1.0727e-01  1.4049e-01
   38  1.0306e-01  1.3616e-01
   40  9.8717e-02  1.3191e-01
   42  9.4242e-02  1.2771e-01
   44  8.9670e-02  1.2353e-01
   46  8.5056e-02  1.1935e-01
   48  8.0457e-02  1.1514e-01
   50  7.5939e-02  1.1091e-01
   52  7.1557e-02  1.0663e-01
   54  6.7359e-02  1.0232e-01
   56  6.3376e-02  9.7972e-02
   58  5.9623e-02  9.3608e-02
   60  5.6101e-02  8.9246e-02
   62  5.2794e-02  8.4905e-02
   64  4.9680e-02  8.0610e-02
   66  4.6731e-02  7.6385e-02
   68  4.3921e-02  7.2255e-02
   70  4.1227e-02  6.8244e-02
   72  3.8635e-02  6.4369e-02
   74  3.6135e-02  6.0646e-02
   76  3.3727e-02  5.7084e-02
   78  3.1415e-02  5.3686e-02
   80  2.9207e-02  5.0452e-02
   82  2.7111e-02  4.7379e-02
   84  2.5134e-02  4.4458e-02
   86  2.3282e-02  4.1680e-02
   88  2.1555e-02  3.9037e-02
   90  1.9952e-02  3.6522e-02
   92  1.8469e-02  3.4130e-02
   94  1.7100e-02  3.1857e-02
   96  1.5837e-02  2.9706e-02
   98  1.4675e-02  2.7675e-02
  100  1.3606e-02  2.5768e-02
  102  1.2624e-02  2.3986e-02
  104  1.1723e-02  2.2329e-02
  106  1.0897e-02  2.0795e-02
  108  1.0139e-02  1.9379e-02
  110  9.4430e-03  1.8075e-02
  112  8.8003e-03  1.6873e-02
  114  8.2041e-03  1.5765e-02
  116  7.6470e-03  1.4743e-02
  118  7.1237e-03  1.3798e-02
  120  6.6298e-03  1.2927e-02
  122  6.1633e-03  1.2123e-02
  124  5.7239e-03  1.1387e-02
  126  5.3128e-03  1.0715e-02
  128  4.9321e-03  1.0107e-02
  130  4.5840e-03  9.5600e-03
  132  4.2703e-03  9.0708e-03
  134  3.9914e-03  8.6348e-03
  136  3.7466e-03  8.2459e-03
  138  3.5338e-03  7.8983e-03
  140  3.3500e-03  7.5857e-03
  142  3.1915e-03  7.3039e-03
  144  3.0549e-03  7.0500e-03
  146  2.9371e-03  6.8233e-03
  148  2.8357e-03  6.6251e-03
  150  2.7492e-03  6.4577e-03
  152  2.6766e-03  6.3241e-03
  154  2.6170e-03  6.2266e-03
  156  2.5695e-03  6.1660e-03
  158  2.5327e-03  6.1412e-03
  160  2.5046e-03  6.1489e-03
  162  2.4826e-03  6.1836e-03
  164  2.4640e-03  6.2383e-03
  166  2.4460e-03  6.3055e-03
  168  2.4267e-03  6.3776e-03
  170  2.4051e-03  6.4478e-03
  172  2.3814e-03  6.5111e-03
  174  2.3568e-03  6.5632e-03
  176  2.3338e-03  6.6018e-03
  178  2.3147e-03  6.6254e-03
  180  2.3021e-03  6.6333e-03
