# Data No. 1
 2.1500E-02 1.3060E+00 5.3098E-02
 2.3900E-02 1.2220E+00 4.7043E-02
 2.6800E-02 1.3430E+00 4.9854E-02
 2.9700E-02 1.2580E+00 4.5860E-02
 3.2500E-02 1.2430E+00 4.4506E-02
 3.5400E-02 1.2410E+00 4.0727E-02
 3.8900E-02 1.2790E+00 4.1286E-02
 4.2700E-02 1.2900E+00 4.0977E-02
 4.6700E-02 1.2800E+00 4.1318E-02
 5.1700E-02 1.2410E+00 3.9420E-02
 5.6900E-02 1.2380E+00 3.8716E-02
 6.3200E-02 1.2250E+00 3.7737E-02
 6.9800E-02 1.3050E+00 3.9626E-02
 7.7400E-02 1.3140E+00 3.9900E-02
 8.4600E-02 1.3060E+00 3.9657E-02
 9.3600E-02 1.3120E+00 3.9294E-02
 1.0380E-01 1.3380E+00 4.0627E-02
 1.1350E-01 1.3450E+00 4.0841E-02
 1.2520E-01 1.3730E+00 4.2297E-02
 1.3730E-01 1.3530E+00 4.0522E-02
 1.5110E-01 1.3370E+00 4.0043E-02
 1.6690E-01 1.3600E+00 4.1296E-02
 1.9200E-01 1.3820E+00 4.2574E-02
 2.3000E-01 1.3600E+00 4.2531E-02
 2.7300E-01 1.3960E+00 4.4344E-02
 3.2400E-01 1.3800E+00 4.4546E-02
 3.8800E-01 1.2610E+00 4.1383E-02
 4.3600E-01 1.2570E+00 3.8723E-02
 4.8600E-01 1.3150E+00 4.1124E-02
 5.3500E-01 1.3050E+00 4.3557E-02
 5.8400E-01 1.2650E+00 4.0834E-02
 6.3300E-01 1.3200E+00 4.1930E-02
 6.7800E-01 1.2870E+00 3.9647E-02
 7.4000E-01 1.3530E+00 3.9073E-02
 7.9000E-01 1.3200E+00 3.9023E-02
 8.7000E-01 1.3200E+00 4.1280E-02
 9.4500E-01 1.2290E+00 3.7317E-02
 1.0350E+00 1.2630E+00 4.1449E-02
 1.1330E+00 1.2670E+00 4.2289E-02


# Data No. 2
 2.4000E-02 1.2970E+00 3.1387E-02
 4.0000E-02 1.3060E+00 2.8993E-02
 6.0000E-02 1.2960E+00 2.8382E-02
 8.0000E-02 1.3300E+00 2.8728E-02
 1.0000E-01 1.3460E+00 2.8535E-02
 1.1500E-01 1.3560E+00 2.6442E-02
 1.2700E-01 1.3600E+00 2.4888E-02
 1.5000E-01 1.3630E+00 2.4670E-02
 1.8000E-01 1.3600E+00 2.6656E-02
 2.1000E-01 1.3570E+00 2.5919E-02
 2.4000E-01 1.3790E+00 2.5098E-02
 2.7000E-01 1.3830E+00 2.5585E-02
 3.0000E-01 1.3600E+00 2.5024E-02
 3.2000E-01 1.3560E+00 2.4679E-02
 3.5000E-01 1.3390E+00 2.4370E-02
 3.8000E-01 1.3310E+00 2.4490E-02
 4.2000E-01 1.3200E+00 2.4420E-02
 4.6000E-01 1.3240E+00 2.4229E-02
 5.0000E-01 1.3250E+00 2.4247E-02
 5.4000E-01 1.3220E+00 2.4721E-02
 5.8000E-01 1.3460E+00 2.4632E-02
 6.2000E-01 1.3250E+00 2.5705E-02
 6.6000E-01 1.3200E+00 2.4288E-02
 7.0000E-01 1.3180E+00 2.4383E-02
 7.4000E-01 1.3310E+00 2.4224E-02
 7.8000E-01 1.3520E+00 2.4606E-02
 8.2000E-01 1.3570E+00 2.4833E-02
 8.6000E-01 1.3570E+00 2.4833E-02
 9.0000E-01 1.3370E+00 2.4467E-02
 9.5000E-01 1.3170E+00 2.4101E-02
 1.0000E+00 1.3020E+00 2.3696E-02
 1.0500E+00 1.2960E+00 2.3717E-02
 1.1000E+00 1.3010E+00 2.3678E-02
 1.1500E+00 1.3180E+00 2.3988E-02
 1.2000E+00 1.3320E+00 2.4242E-02
 1.2500E+00 1.3600E+00 2.4752E-02
 1.3000E+00 1.3780E+00 2.5080E-02
 1.3500E+00 1.3940E+00 2.5510E-02
 1.4000E+00 1.4060E+00 2.5589E-02
 1.4500E+00 1.3990E+00 2.5742E-02
 1.5000E+00 1.3990E+00 2.5322E-02
 1.6000E+00 1.3980E+00 2.5304E-02
 1.7000E+00 1.3790E+00 2.5374E-02
 1.8000E+00 1.3710E+00 2.4815E-02
 1.9000E+00 1.3620E+00 2.4652E-02
 2.0000E+00 1.3370E+00 2.4200E-02
 2.1000E+00 1.3240E+00 2.3964E-02
 2.2000E+00 1.3070E+00 2.3918E-02
 2.2500E+00 1.3060E+00 2.3639E-02
 2.3000E+00 1.3100E+00 2.3711E-02
 2.4000E+00 1.2890E+00 2.3718E-02
 2.5000E+00 1.2940E+00 2.3680E-02
 2.6000E+00 1.2900E+00 2.3478E-02
 2.7000E+00 1.2910E+00 2.3496E-02
 2.8000E+00 1.2890E+00 2.3460E-02
 2.9000E+00 1.2860E+00 2.3405E-02
 3.0000E+00 1.2860E+00 2.3662E-02
 3.1000E+00 1.2810E+00 2.3314E-02
 3.2000E+00 1.2780E+00 2.3260E-02
 3.3000E+00 1.2750E+00 2.3460E-02
 3.4000E+00 1.2790E+00 2.3534E-02
 3.6000E+00 1.2830E+00 2.4249E-02
 3.8000E+00 1.2860E+00 2.5334E-02
 4.0000E+00 1.2900E+00 2.4510E-02
 4.2000E+00 1.2930E+00 2.4567E-02
 4.4000E+00 1.2890E+00 2.4749E-02
 4.6000E+00 1.2950E+00 2.4605E-02
 4.8000E+00 1.2950E+00 2.4734E-02
 5.0000E+00 1.3010E+00 2.4849E-02
 5.2000E+00 1.3040E+00 2.4776E-02
 5.4000E+00 1.3180E+00 2.4910E-02
 5.6000E+00 1.3280E+00 2.5232E-02
 5.8000E+00 1.3300E+00 2.5004E-02
 6.0000E+00 1.3270E+00 2.5744E-02
 6.2000E+00 1.3190E+00 2.5193E-02
 6.4000E+00 1.2910E+00 2.4916E-02
 6.6000E+00 1.2560E+00 2.4492E-02
 6.8000E+00 1.2360E+00 2.4844E-02
 7.0000E+00 1.2210E+00 2.5031E-02
 7.2000E+00 1.1990E+00 2.5299E-02
 7.4000E+00 1.1860E+00 2.5618E-02


# Data No.3
 2.2500E-02 1.3310E+00 3.4606E-02
 2.7500E-02 1.3370E+00 2.4066E-02
 3.5000E-02 1.3440E+00 2.6880E-02
 4.5000E-02 1.3290E+00 2.2593E-02
 5.5000E-02 1.2830E+00 2.4377E-02
 6.5000E-02 1.3110E+00 1.9665E-02
 7.5000E-02 1.3280E+00 2.1248E-02
 8.5000E-02 1.3880E+00 2.4984E-02
 9.5000E-02 1.3960E+00 1.8148E-02
 1.0290E-01 1.3830E+00 2.0745E-02
 1.1010E-01 1.4200E+00 2.2720E-02
 1.1800E-01 1.3180E+00 2.1088E-02
 1.2690E-01 1.4050E+00 1.8265E-02
 1.3670E-01 1.4390E+00 1.8707E-02
 1.4780E-01 1.3920E+00 1.9488E-02
 1.6030E-01 1.4140E+00 1.9796E-02
 1.7440E-01 1.4130E+00 2.1195E-02
 1.9050E-01 1.3900E+00 2.0850E-02
 2.0890E-01 1.4300E+00 2.1450E-02
 2.3010E-01 1.4220E+00 2.5596E-02
 2.5470E-01 1.4010E+00 2.3817E-02
 2.8350E-01 1.4050E+00 2.3885E-02
 3.1740E-01 1.3870E+00 2.2192E-02
 3.5790E-01 1.3300E+00 1.9950E-02
 4.0660E-01 1.3270E+00 1.9905E-02
 4.6610E-01 1.3260E+00 1.8564E-02
 5.3960E-01 1.3150E+00 1.7095E-02
 6.3190E-01 1.3270E+00 1.5924E-02
 6.9860E-01 1.3350E+00 1.4685E-02
 7.2980E-01 1.3380E+00 1.3380E-02
 7.6310E-01 1.3530E+00 1.3530E-02
 7.9870E-01 1.3760E+00 1.2384E-02
 8.3690E-01 1.3640E+00 1.2276E-02
 8.7780E-01 1.3430E+00 1.0744E-02
 9.2190E-01 1.3330E+00 1.0664E-02
 9.6930E-01 1.3050E+00 9.1350E-03
 1.0210E+00 1.2940E+00 9.0580E-03
 1.0760E+00 1.2980E+00 9.0860E-03
 1.1360E+00 1.2900E+00 1.4190E-02
 1.2010E+00 1.3220E+00 1.4542E-02
 1.2720E+00 1.3830E+00 1.3830E-02
 1.3500E+00 1.3750E+00 1.3750E-02
 1.4340E+00 1.3990E+00 1.3990E-02
 1.5280E+00 1.3950E+00 1.3950E-02
 1.6300E+00 1.3880E+00 1.3880E-02
 1.7430E+00 1.3520E+00 1.3520E-02
 1.8680E+00 1.3380E+00 1.4718E-02
 2.0080E+00 1.3130E+00 1.4443E-02
 2.1630E+00 1.2800E+00 1.4080E-02
 2.3380E+00 1.2830E+00 1.2830E-02
 2.5340E+00 1.2500E+00 1.2500E-02
 2.7560E+00 1.2610E+00 1.2610E-02
 3.0090E+00 1.2750E+00 1.2750E-02
 3.2990E+00 1.2390E+00 1.2390E-02
 3.6320E+00 1.2560E+00 1.2560E-02
 4.0190E+00 1.2320E+00 1.2320E-02
 4.4720E+00 1.2360E+00 1.3596E-02
 5.0050E+00 1.2720E+00 1.3992E-02
 5.3750E+00 1.2640E+00 1.5168E-02
 5.5400E+00 1.3190E+00 1.5828E-02
 5.7130E+00 1.3050E+00 1.5660E-02
 5.8940E+00 1.3090E+00 1.7017E-02
 6.0840E+00 1.2760E+00 1.6588E-02
 6.2840E+00 1.2410E+00 1.6133E-02
 6.4930E+00 1.2760E+00 1.7864E-02
 6.7130E+00 1.2140E+00 1.6996E-02
 6.9440E+00 1.1970E+00 1.6758E-02
 7.1880E+00 1.1750E+00 1.5275E-02
 7.4440E+00 1.1190E+00 2.5737E-02
 7.7150E+00 1.1290E+00 2.5967E-02
 8.0010E+00 1.0940E+00 2.5162E-02
 8.3030E+00 1.1110E+00 2.4442E-02
 8.6220E+00 1.1140E+00 2.4508E-02
 8.9610E+00 1.1000E+00 2.3100E-02
 9.3200E+00 1.1070E+00 2.2140E-02
 9.7010E+00 1.1420E+00 2.2840E-02
 1.0106E+01 1.1600E+00 2.2040E-02
 1.0537E+01 1.2080E+00 2.4160E-02
 1.0996E+01 1.1650E+00 2.3300E-02
 1.1487E+01 1.1540E+00 2.3080E-02
 1.2011E+01 1.1200E+00 2.3520E-02
 1.2572E+01 1.1560E+00 2.4276E-02
 1.3174E+01 1.1150E+00 2.4530E-02
 1.3820E+01 1.0970E+00 2.5231E-02
 1.4515E+01 1.0290E+00 2.3667E-02
 1.5265E+01 1.0040E+00 2.4096E-02
 1.6075E+01 9.8500E-01 2.5610E-02
 1.6951E+01 1.0640E+00 2.8728E-02
 1.7902E+01 1.0020E+00 2.8056E-02
 1.8936E+01 1.0080E+00 2.9232E-02
 2.0064E+01 9.6300E-01 2.9853E-02
 2.1296E+01 1.0310E+00 3.1961E-02
